1
1 3640 2306 
3640 3638 2305 
2306 3639 2304 
3638 2303 2302 
2305 2301 2300 
3639 3630 3631 
2304 3632 3633 
2303 3634 2309 
2302 3635 2308 
2301 3636 2307 
2300 3637 3650 
3630 3651 2320 
3631 2317 3649 
3632 2316 2 
3633 2315 3 
3634 2314 4 
2309 2313 5 
3635 2312 6 
2308 2311 7 
3636 2310 8 
2307 3641 9 
3637 3642 3643 
3650 3644 3645 
3651 3646 2319 
2320 3647 2318 
2317 3648 3660 
3649 3661 3662 
2316 1000 2331 
2 2330 2328 
2315 2327 2326 
3 2325 2324 
2314 2323 2322 
4 2321 3652 
2313 3653 3654 
5 3655 3656 
2312 3657 3658 
6 2329 3659 
2311 3670 3671 
7 3672 3673 
2310 1011 2342 
8 1010 2341 
3641 2340 1008 
9 2339 1007 
3642 2338 1006 
3643 2337 1005 
3644 2336 1004 
3645 2335 1003 
3646 2334 1002 
2319 2333 1001 
3647 2332 3663 
2318 3664 3665 
3648 3666 3667 
3660 3668 3669 
3661 1009 3680 
3662 3681 3682 
1000 3683 3684 
2331 1022 2353 
2330 1021 2352 
2328 1020 2351 
2327 2350 1019 
2326 1018 2349 
2325 1017 2348 
2324 1016 2347 
2323 1015 2346 
2322 1014 2345 
2321 1013 2344 
3652 1012 2343 
3653 3674 3675 
3654 3676 3677 
3655 3678 3679 
3656 3690 3691 
3657 3692 3693 
3658 3694 3695 
2329 1033 2364 
3659 1032 2363 
3670 1031 2362 
3671 1030 2361 
3672 2360 1029 
3673 1028 2359 
1011 1027 2358 
2342 1026 2357 
1010 1025 2356 
2341 1024 2355 
2340 1023 2354 
1008 3685 3686 
2339 3687 3688 
1007 3689 1044 
2338 2375 1043 
1006 2374 1042 
2337 2373 1041 
1005 2372 1040 
2336 2371 2370 
1004 1039 1038 
2335 2369 1037 
1003 2368 1036 
2334 2367 1035 
1002 2366 1034 
2333 2365 3696 
1001 3697 3698 
2332 3699 1055 
3663 2386 1054 
3664 2385 1053 
3665 2384 1052 
3666 2383 1051 
3667 2382 1050 
3668 2381 2380 
3669 1049 1048 
1009 2379 1047 
3680 2378 1046 
3681 2377 1045 
3682 2376 1066 
3683 2397 1065 
3684 2396 1064 
1022 2395 1063 
2353 2394 1062 
1021 2393 1061 
2352 2392 1060 
1020 2391 2390 
2351 1059 1058 
2350 2389 1057 
1019 2388 1056 
1018 2387 1077 
2349 1076 1075 
1017 1074 1073 
2348 1072 1071 
1016 1070 1069 
2347 1068 2399 
1015 1067 2398 
2346 1080 1088 
1014 1087 1086 
2345 1085 1084 
1013 1083 1082 
2344 1081 1079 
1012 1078 1091 
2343 1090 1099 
3674 1098 1097 
3675 1096 1095 
3676 1094 1093 
3677 1092 1089 
3678 200 201 
3679 202 203 
3690 204 205 
3691 206 207 
3692 208 209 
3693 210 211 
3694 212 213 
3695 214 215 
1033 216 217 
2364 218 219 
1032 220 221 
2363 222 223 
1031 224 225 
2362 226 227 
1030 228 229 
2361 230 231 
2360 232 233 
1029 234 235 
1028 236 237 
2359 238 239 
1027 1909 1908 
2358 240 241 
1026 242 243 
2357 244 245 
1025 246 247 
2356 248 249 
1024 1907 1906 
2355 1905 1904 
1023 1903 1902 
2354 1901 1900 
3685 1919 250 
3686 251 252 
3687 253 1910 
3688 254 255 
3689 256 257 
1044 258 259 
2375 1918 1917 
1043 1916 1915 
2374 1914 1913 
1042 1912 1911 
2373 260 261 
1041 262 263 
2372 264 1921 
1040 265 1920 
2371 266 267 
2370 268 269 
1039 1929 1928 
1038 1927 1926 
2369 1925 1924 
1037 1923 1922 
2368 270 271 
1036 272 273 
2367 274 275 
1035 1932 276 
2366 1931 277 
1034 1930 278 
2365 279 1939 
3696 1938 1937 
3697 1936 1935 
3698 1934 1933 
3699 280 281 
1055 282 283 
2386 284 285 
1054 286 1943 
2385 287 1942 
1053 288 1941 
2384 289 1940 
1052 1949 1948 
2383 1947 1946 
1051 1945 1944 
2382 290 291 
1050 292 293 
2381 294 295 
2380 296 297 
1049 1954 298 
1048 1953 299 
2379 1952 1951 
1047 1950 1959 
2378 1958 1957 
1046 1956 1955 
2377 1965 1964 
1045 1963 1962 
2376 1961 1960 
1066 1969 1968 
2397 1967 1966 
1065 1976 1975 
2396 1974 1973 
1064 1972 1971 
2395 1970 1979 
1063 1978 1977 
2394 1990 1987 
1062 1986 1985 
2393 1984 1983 
1061 1982 1981 
2392 1980 1989 
1060 1988 1998 
2391 1997 1996 
2390 1995 1994 
1059 1993 1992 
1058 1991 1999 
2389 3704 3705 
1057 3706 3707 
2388 3708 3709 
1056 3700 3701 
2387 3702 3703 
1077 3715 3716 
1076 3717 3718 
1075 3719 3710 
1074 3711 3712 
1073 3713 3714 
1072 3726 3727 
1071 3728 3729 
1070 3720 3721 
1069 3722 3723 
1068 3724 3725 
2399 2405 3737 
1067 2404 3738 
2398 2403 3739 
1080 2402 2401 
1088 2400 3730 
1087 3731 3732 
1086 2409 3733 
1085 2408 3734 
1084 2407 3735 
1083 2406 3736 
1082 3750 2416 
1081 3748 2415 
1079 3749 2414 
1078 2413 2412 
1091 2411 2410 
1090 3740 3741 
1099 3742 3743 
1098 3744 2419 
1097 3745 2418 
1096 3746 2417 
1095 3747 3760 
1094 3761 2430 
1093 2427 3759 
1092 2426 2425 
1089 2424 2423 
200 2422 2421 
201 2420 3751 
202 3752 3753 
203 3754 3755 
204 3756 2429 
205 3757 2428 
206 3758 3770 
207 3771 3772 
208 1110 2441 
209 2440 1107 
210 2438 1106 
211 2437 1105 
212 2436 1104 
213 2435 1103 
214 2434 1102 
215 2433 1101 
216 2432 1100 
217 2431 3762 
218 3763 3764 
219 3765 3766 
220 3767 1109 
221 3768 1108 
222 2439 3769 
223 3780 3781 
224 3782 3783 
225 1121 2452 
226 1120 2451 
227 2450 1118 
228 2449 1117 
229 2448 1116 
230 2447 1115 
231 2446 1114 
232 2445 1113 
233 2444 1112 
234 2443 1111 
235 2442 3773 
236 3774 3775 
237 3776 3777 
238 3778 3779 
239 1119 3790 
1909 3791 3792 
1908 3793 3794 
240 1132 2463 
241 1131 2462 
242 1130 2461 
243 2460 1129 
244 1128 2459 
245 1127 2458 
246 1126 2457 
247 1125 2456 
248 1124 2455 
249 1123 2454 
1907 1122 2453 
1906 3784 3785 
1905 3786 3787 
1904 3788 3789 
1903 1143 2474 
1902 1142 2473 
1901 1141 2472 
1900 1140 2471 
1919 2470 1139 
250 1138 2469 
251 1137 2468 
252 1136 2467 
253 1135 2466 
1910 1134 2465 
254 1133 2464 
255 3795 3796 
256 3797 3798 
257 3799 1154 
258 2485 1153 
259 2484 1152 
1918 2483 1151 
1917 2482 1150 
1916 2481 2480 
1915 1149 1148 
1914 2479 1147 
1913 2478 1146 
1912 2477 1145 
1911 2476 1144 
260 2475 1165 
261 2496 1164 
262 2495 1163 
263 2494 1162 
264 2493 1161 
1921 2492 1160 
265 2491 2490 
1920 1159 1158 
266 2489 1157 
267 2488 1156 
268 2487 1155 
269 2486 1176 
1929 1175 1174 
1928 1173 1172 
1927 1171 1170 
1926 1169 1168 
1925 2499 1167 
1924 2498 1166 
1923 2497 1187 
1922 1186 1185 
270 1184 1183 
271 1182 1181 
272 1180 1179 
273 1178 1177 
274 1190 1198 
275 1197 1196 
1932 1195 1194 
276 1193 1192 
1931 1191 1189 
277 1188 1199 
1930 300 301 
278 302 303 
279 304 305 
1939 306 307 
1938 308 309 
1937 310 311 
1936 312 313 
1935 314 315 
1934 316 317 
1933 318 319 
280 320 321 
281 322 323 
282 324 325 
283 326 327 
284 328 329 
285 330 331 
286 332 333 
1943 334 335 
287 336 337 
1942 338 339 
288 340 341 
1941 342 343 
289 344 345 
1940 346 347 
1949 348 349 
1948 350 351 
1947 352 353 
1946 354 355 
1945 356 357 
1944 358 359 
290 10 11 
291 12 13 
292 14 15 
293 16 17 
294 18 19 
295 360 361 
296 362 363 
297 364 365 
1954 366 367 
298 368 369 
1953 20 21 
299 22 23 
1952 24 25 
1951 26 27 
1950 28 29 
1959 370 371 
1958 372 373 
1957 374 375 
1956 376 377 
1955 378 379 
1965 30 31 
1964 32 33 
1963 34 35 
1962 36 37 
1961 38 39 
1960 380 381 
1969 382 383 
1968 384 385 
1967 386 387 
1966 388 389 
1976 40 41 
1975 42 43 
1974 44 45 
1973 46 47 
1972 48 49 
1971 390 391 
1970 392 393 
1979 394 395 
1978 396 397 
1977 398 399 
1990 50 51 
1987 52 53 
1986 54 55 
1985 56 57 
1984 58 59 
1983 60 61 
1982 62 63 
1981 64 65 
1980 66 67 
1989 68 69 
1988 70 71 
1998 72 73 
1997 74 75 
1996 76 77 
1995 78 79 
1994 80 81 
1993 82 83 
1992 84 85 
1991 86 87 
1999 88 89 
3704 90 91 
3705 92 93 
3706 94 95 
3707 96 97 
3708 98 99 
3709 3803 3804 
3700 3805 3806 
3701 3807 3808 
3702 3809 3800 
3703 3801 3802 
3715 3814 3815 
3716 3816 3817 
3717 3818 3819 
3718 3810 3811 
3719 3812 3813 
3710 3825 3826 
3711 3827 3828 
3712 3829 3820 
3713 3821 3822 
3714 3823 3824 
3726 2504 3836 
3727 2503 3837 
3728 2502 3838 
3729 2501 3839 
3720 2500 3830 
3721 2509 3831 
3722 2508 3832 
3723 2507 3833 
3724 2506 3834 
3725 2505 3835 
2405 2515 3847 
3737 2514 3848 
2404 2513 3849 
3738 2512 2511 
2403 2510 3840 
3739 3841 3842 
2402 2519 3843 
2401 2518 3844 
2400 2517 3845 
3730 2516 3846 
3731 3860 2526 
3732 3858 2525 
2409 3859 2524 
3733 2523 2522 
2408 2521 2520 
3734 3850 3851 
2407 3852 3853 
3735 3854 2529 
2406 3855 2528 
3736 3856 2527 
3750 3857 3870 
2416 3871 2540 
3748 1206 2537 
2415 3869 1205 
3749 2536 1204 
2414 2535 1203 
2413 2534 1202 
2412 2533 1201 
2411 2532 1200 
2410 2531 2530 
3740 3861 3862 
3741 3863 3864 
3742 3865 1209 
3743 3866 1208 
3744 2539 3867 
2419 1207 2538 
3745 3868 3880 
2418 3881 3882 
3746 1220 2551 
2417 2550 1217 
3747 2548 1216 
3760 2547 1215 
3761 2546 1214 
2430 2545 1213 
2427 2544 1212 
3759 2543 1211 
2426 2542 1210 
2425 2541 3872 
2424 3873 3874 
2423 3875 3876 
2422 3877 1219 
2421 3878 1218 
2420 2549 3879 
3751 3890 3891 
3752 3892 3893 
3753 1231 2562 
3754 1230 2561 
3755 2560 1228 
3756 2559 1227 
2429 2558 1226 
3757 2557 1225 
2428 2556 1224 
3758 2555 1223 
3770 2554 1222 
3771 2553 1221 
3772 2552 3883 
1110 3884 3885 
2441 3886 3887 
2440 3888 3889 
1107 1229 1242 
2438 2573 1241 
1106 2572 1240 
2437 2571 2570 
1105 1239 1238 
2436 2569 1237 
1104 2568 1236 
2435 2567 1235 
1103 2566 1234 
2434 2565 1233 
1102 2564 1232 
2433 2563 3894 
1101 3895 3896 
2432 3897 3898 
1100 3899 1253 
2431 2584 1252 
3762 2583 1251 
3763 2582 1250 
3764 2581 2580 
3765 1249 1248 
3766 2579 1247 
3767 2578 1246 
1109 2577 1245 
3768 2576 1244 
1108 2575 1243 
2439 2574 1264 
3769 2595 1263 
3780 2594 1262 
3781 2593 1261 
3782 2592 1260 
3783 2591 2590 
1121 1259 1258 
2452 2589 1257 
1120 2588 1256 
2451 2587 1255 
2450 2586 1254 
1118 2585 1275 
2449 1274 1273 
1117 1272 1271 
2448 1270 1269 
1116 1268 2599 
2447 1267 2598 
1115 1266 2597 
2446 1265 2596 
1114 1286 1285 
2445 1284 1283 
1113 1282 1281 
2444 1280 1279 
1112 1278 1277 
2443 1276 1297 
1111 1296 1295 
2442 1294 1293 
3773 1292 1291 
3774 1290 1289 
3775 1288 1287 
3776 3002 3001 
3777 3000 1299 
3778 1298 3013 
3779 3012 3011 
1119 3010 3009 
3790 3008 3007 
3791 400 3006 
3792 401 3005 
3793 402 3004 
3794 403 3003 
1132 404 405 
2463 406 407 
1131 408 409 
2462 3024 3023 
1130 3022 3021 
2461 3020 3019 
2460 410 3018 
1129 411 3017 
1128 412 3016 
2459 413 3015 
1127 414 3014 
2458 415 416 
1126 417 418 
2457 419 3035 
1125 3034 3033 
2456 3032 3031 
1124 3030 420 
2455 421 3029 
1123 422 3028 
2454 423 3027 
1122 424 3026 
2453 425 3025 
3784 426 427 
3785 428 429 
3786 3046 3045 
3787 3044 3043 
3788 3042 3041 
3789 3040 430 
1143 431 432 
2474 433 3039 
1142 434 3038 
2473 435 3037 
1141 436 3036 
2472 437 438 
1140 439 3057 
2471 3056 3055 
2470 3054 3053 
1139 3052 3051 
1138 3050 440 
2469 441 442 
1137 443 444 
2468 445 3049 
1136 446 3048 
2467 447 3047 
1135 448 449 
2466 3060 3068 
1134 3067 3066 
2465 3065 3064 
1133 3063 3062 
2464 450 3061 
3795 451 452 
3796 453 454 
3797 455 456 
3798 457 3059 
3799 458 3058 
1154 459 3071 
2485 3070 3079 
1153 3078 3077 
2484 3076 3075 
1152 3074 460 
2483 3073 461 
1151 3072 462 
2482 463 464 
1150 465 466 
2481 467 468 
2480 469 3069 
1149 3082 3081 
1148 3080 3089 
2479 3088 3087 
1147 3086 470 
2478 3085 471 
1146 3084 472 
2477 3083 473 
1145 474 475 
2476 476 477 
1144 478 479 
2475 3093 3092 
1165 3091 3090 
2496 3099 3098 
1164 480 3097 
2495 481 3096 
1163 482 3095 
2494 483 3094 
1162 484 485 
2493 486 487 
1161 488 489 
2492 490 491 
1160 492 493 
2491 494 495 
2490 496 497 
1159 498 499 
1158 3902 3903 
2489 3904 3905 
1157 3906 3907 
2488 3908 3909 
1156 3900 3901 
2487 3913 3914 
1155 3915 3916 
2486 3917 3918 
1176 3919 3910 
1175 3911 3912 
1174 3924 3925 
1173 3926 3927 
1172 3928 3929 
1171 3920 3921 
1170 3922 3923 
1169 2603 3935 
1168 2602 3936 
2499 2601 3937 
1167 2600 3938 
2498 3939 2609 
1166 2608 3930 
2497 2607 3931 
1187 2606 3932 
1186 2605 3933 
1185 2604 3934 
1184 2614 3946 
1183 2613 3947 
1182 2612 3948 
1181 2611 3949 
1180 2610 3940 
1179 2619 3941 
1178 2618 3942 
1177 2617 3943 
1190 2616 3944 
1198 2615 3945 
1197 2625 3957 
1196 2624 3958 
1195 2623 3959 
1194 2622 2621 
1193 2620 3950 
1192 3951 3952 
1191 2629 3953 
1189 2628 3954 
1188 2627 3955 
1199 2626 3956 
300 3970 1305 
301 2636 3968 
302 1304 2635 
303 3969 1303 
304 2634 1302 
305 2633 1301 
306 2632 1300 
307 2631 2630 
308 3960 3961 
309 3962 3963 
310 1309 3964 
311 1308 2639 
312 3965 1307 
313 2638 3966 
314 1306 2637 
315 3967 3980 
316 3981 2650 
317 1316 2647 
318 3979 1315 
319 2646 1314 
320 2645 1313 
321 2644 1312 
322 2643 1311 
323 2642 1310 
324 2641 2640 
325 3971 3972 
326 3973 3974 
327 3975 1319 
328 3976 1318 
329 2649 3977 
330 1317 2648 
331 3978 3990 
332 3991 3992 
333 1330 2661 
334 2660 1327 
335 2658 1326 
336 2657 1325 
337 2656 1324 
338 2655 1323 
339 2654 1322 
340 2653 1321 
341 2652 1320 
342 2651 3982 
343 3983 3984 
344 3985 3986 
345 3987 1329 
346 3988 1328 
347 2659 3989 
348 1341 2672 
349 1340 2671 
350 2670 1338 
351 2669 1337 
352 2668 1336 
353 2667 1335 
354 2666 1334 
355 2665 1333 
356 2664 1332 
357 2663 1331 
358 2662 3993 
359 3994 3995 
10 3996 3997 
11 3998 3999 
12 1339 1352 
13 2683 1351 
14 2682 1350 
15 2681 2680 
16 1349 1348 
17 2679 1347 
18 2678 1346 
19 2677 1345 
360 2676 1344 
361 2675 1343 
362 2674 1342 
363 2673 1363 
364 2694 1362 
365 2693 1361 
366 2692 1360 
367 2691 2690 
368 1359 1358 
369 2689 1357 
20 2688 1356 
21 2687 1355 
22 2686 1354 
23 2685 1353 
24 2684 1374 
25 1373 1372 
26 1371 1370 
27 1369 1368 
28 2699 1367 
29 2698 1366 
370 2697 1365 
371 2696 1364 
372 2695 1385 
373 1384 1383 
374 1382 1381 
375 1380 1379 
376 1378 1377 
377 1376 1375 
378 1396 1395 
379 1394 1393 
30 1392 1391 
31 1390 1389 
32 1388 1387 
33 1386 3101 
34 3100 1399 
35 1398 1397 
36 3112 3111 
37 3110 3109 
38 3108 3107 
39 3106 3105 
380 500 3104 
381 501 3103 
382 502 3102 
383 503 504 
384 505 506 
385 507 508 
386 509 3123 
387 3122 3121 
388 3120 3119 
389 3118 3117 
40 510 3116 
41 511 3115 
42 512 3114 
43 513 3113 
44 514 515 
45 516 517 
46 518 519 
47 3134 3133 
48 3132 3131 
49 3130 3129 
390 520 3128 
391 521 3127 
392 522 3126 
393 523 3125 
394 524 3124 
395 525 526 
396 527 528 
397 529 3145 
398 3144 3143 
399 3142 3141 
50 3140 530 
51 531 3139 
52 532 3138 
53 533 3137 
54 534 3136 
55 535 3135 
56 536 537 
57 538 539 
58 3156 3155 
59 3154 3153 
60 3152 3151 
61 3150 540 
62 541 542 
63 543 3149 
64 544 3148 
65 545 3147 
66 546 3146 
67 547 548 
68 549 3167 
69 3166 3165 
70 3164 3163 
71 3162 3161 
72 3160 550 
73 551 552 
74 553 554 
75 555 3159 
76 556 3158 
77 557 3157 
78 558 559 
79 3170 3178 
80 3177 3176 
81 3175 3174 
82 3173 3172 
83 560 3171 
84 561 562 
85 563 564 
86 565 566 
87 567 3169 
88 568 3168 
89 569 3181 
90 3180 3189 
91 3188 3187 
92 3186 3185 
93 3184 570 
94 3183 571 
95 3182 572 
96 573 574 
97 575 576 
98 577 578 
99 579 3179 
3803 3192 3191 
3804 3190 3199 
3805 3198 3197 
3806 3196 580 
3807 3195 581 
3808 3194 582 
3809 3193 583 
3800 584 585 
3801 586 587 
3802 588 589 
3814 590 591 
3815 592 593 
3816 594 595 
3817 596 597 
3818 598 599 
3819 2702 2701 
3810 2700 2709 
3811 2708 2707 
3812 2706 2705 
3813 2704 2703 
3825 2713 2712 
3826 2711 2710 
3827 2719 2718 
3828 2717 2716 
3829 2715 2714 
3820 2724 2723 
3821 2722 2721 
3822 2720 2729 
3823 2728 2727 
3824 2726 2725 
2504 1404 2735 
3836 1403 2734 
2503 1402 2733 
3837 1401 2732 
2502 1400 2731 
3838 2730 1409 
2501 1408 2739 
3839 1407 2738 
2500 1406 2737 
3830 1405 2736 
2509 1415 2746 
3831 1414 2745 
2508 1413 2744 
3832 1412 2743 
2507 1411 2742 
3833 1410 2741 
2506 2740 1419 
3834 1418 2749 
2505 1417 2748 
3835 1416 2747 
2515 2760 1426 
3847 2757 1425 
2514 2756 1424 
3848 2755 1423 
2513 2754 1422 
3849 2753 1421 
2512 2752 1420 
2511 2751 2750 
2510 1429 1428 
3840 2759 1427 
3841 2758 1440 
3842 2771 2770 
2519 1437 2768 
3843 1436 2767 
2518 1435 2766 
3844 1434 2765 
2517 1433 2764 
3845 1432 2763 
2516 1431 2762 
3846 1430 2761 
3860 1439 1438 
2526 2769 1451 
3858 2782 1450 
2525 2781 2780 
3859 1448 2779 
2524 1447 2778 
2523 1446 2777 
2522 1445 2776 
2521 1444 2775 
2520 1443 2774 
3850 1442 2773 
3851 1441 2772 
3852 1449 1462 
3853 2793 1461 
3854 2792 1460 
2529 2791 2790 
3855 1459 1458 
2528 2789 1457 
3856 2788 1456 
2527 2787 1455 
3857 2786 1454 
3870 2785 1453 
3871 2784 1452 
2540 2783 1473 
1206 1472 1471 
2537 1470 1469 
3869 1468 2799 
1205 1467 2798 
2536 1466 2797 
1204 1465 2796 
2535 1464 2795 
1203 1463 2794 
2534 1484 1483 
1202 1482 1481 
2533 1480 1479 
1201 1478 1477 
2532 1476 1475 
1200 1474 1495 
2531 1494 1493 
2530 1492 1491 
3861 1490 1489 
3862 1488 1487 
3863 1486 1485 
3864 3200 1499 
3865 1498 1497 
1209 1496 3211 
3866 3210 3208 
1208 3207 3206 
2539 3205 3204 
3867 3203 600 
1207 3202 601 
2538 3201 602 
3868 603 604 
3880 605 606 
3881 607 608 
3882 609 3209 
1220 3222 3221 
2551 3220 3219 
2550 3218 3217 
1217 3216 3215 
2548 610 3214 
1216 611 3213 
2547 612 3212 
1215 613 614 
2546 615 616 
1214 617 618 
2545 619 3233 
1213 3232 3231 
2544 3230 3229 
1212 3228 3227 
2543 620 3226 
1211 621 3225 
2542 622 3224 
1210 623 3223 
2541 624 625 
3872 626 627 
3873 628 629 
3874 3244 3243 
3875 3242 3241 
3876 3240 3239 
3877 630 3238 
1219 631 3237 
3878 632 3236 
1218 633 3235 
2549 634 3234 
3879 635 636 
3890 637 638 
3891 639 3255 
3892 3254 3253 
3893 3252 3251 
1231 3250 640 
2562 641 3249 
1230 642 3248 
2561 643 3247 
2560 644 3246 
1228 645 3245 
2559 646 647 
1227 648 649 
2558 3266 3265 
1226 3264 3263 
2557 3262 3261 
1225 3260 650 
2556 651 652 
1224 653 3259 
2555 654 3258 
1223 655 3257 
2554 656 3256 
1222 657 658 
2553 659 3277 
1221 3276 3275 
2552 3274 3273 
3883 3272 3271 
3884 3270 660 
3885 661 662 
3886 663 664 
3887 665 3269 
3888 666 3268 
3889 667 3267 
1229 668 669 
1242 3280 3288 
2573 3287 3286 
1241 3285 3284 
2572 3283 3282 
1240 670 3281 
2571 671 672 
2570 673 674 
1239 675 676 
1238 677 3279 
2569 678 3278 
1237 679 3291 
2568 3290 3299 
1236 3298 3297 
2567 3296 3295 
1235 3294 680 
2566 3293 681 
1234 3292 682 
2565 683 684 
1233 685 686 
2564 687 688 
1232 689 3289 
2563 690 691 
3894 692 693 
3895 694 695 
3896 696 697 
3897 698 699 
3898 2801 2800 
3899 2809 2808 
1253 2807 2806 
2584 2805 2804 
1252 2803 2802 
2583 2812 2811 
1251 2810 2819 
2582 2818 2817 
1250 2816 2815 
2581 2814 2813 
2580 2823 2822 
1249 2821 2820 
1248 2829 2828 
2579 2827 2826 
1247 2825 2824 
2578 1503 2834 
1246 1502 2833 
2577 1501 2832 
1245 1500 2831 
2576 2830 1509 
1244 1508 2839 
2575 1507 2838 
1243 1506 2837 
2574 1505 2836 
1264 1504 2835 
2595 1514 2845 
1263 1513 2844 
2594 1512 2843 
1262 1511 2842 
2593 1510 2841 
1261 2840 1519 
2592 1518 2849 
1260 1517 2848 
2591 1516 2847 
2590 1515 2846 
1259 1525 2856 
1258 1524 2855 
2589 1523 2854 
1257 1522 2853 
2588 1521 2852 
1256 1520 2851 
2587 2850 1529 
1255 1528 2859 
2586 1527 2858 
1254 1526 2857 
2585 2870 1536 
1275 2867 1535 
1274 2866 1534 
1273 2865 1533 
1272 2864 1532 
1271 2863 1531 
1270 2862 1530 
1269 2861 2860 
1268 1539 1538 
2599 2869 1537 
1267 2868 1550 
2598 2881 2880 
1266 1547 2878 
2597 1546 2877 
1265 1545 2876 
2596 1544 2875 
1286 1543 2874 
1285 1542 2873 
1284 1541 2872 
1283 1540 2871 
1282 1549 1548 
1281 2879 1561 
1280 2892 1560 
1279 2891 2890 
1278 1558 2889 
1277 1557 2888 
1276 1556 2887 
1297 1555 2886 
1296 1554 2885 
1295 1553 2884 
1294 1552 2883 
1293 1551 2882 
1292 1559 1572 
1291 1571 1570 
1290 1569 1568 
1289 2899 1567 
1288 2898 1566 
1287 2897 1565 
3002 2896 1564 
3001 2895 1563 
3000 2894 1562 
1299 2893 1583 
1298 1582 1581 
3013 1580 1579 
3012 1578 1577 
3011 1576 1575 
3010 1574 1573 
3009 1594 1593 
3008 1592 1591 
3007 1590 1589 
400 1588 1587 
3006 1586 1585 
401 1584 1599 
3005 1598 1597 
402 1596 1595 
3004 3310 3307 
403 3306 3305 
3003 3304 3303 
404 3302 3301 
405 700 3300 
406 701 702 
407 703 704 
408 705 706 
409 707 3309 
3024 708 3308 
3023 709 3321 
3022 3320 3318 
3021 3317 3316 
3020 3315 3314 
3019 3313 710 
410 3312 711 
3018 3311 712 
411 713 714 
3017 715 716 
412 717 718 
3016 719 3319 
413 2001 3332 
3015 2000 3331 
414 3330 3329 
3014 3328 3327 
415 3326 3325 
416 720 3324 
417 721 3323 
418 722 3322 
419 723 724 
3035 725 726 
3034 727 728 
3033 729 2012 
3032 3343 2011 
3031 3342 2010 
3030 3341 3340 
420 2009 2008 
421 3339 2007 
3029 3338 2006 
422 3337 730 
3028 2005 3336 
423 731 2004 
3027 3335 732 
424 2003 3334 
3026 733 2002 
425 3333 734 
3025 735 736 
426 737 738 
427 739 2023 
428 3354 2022 
429 3353 2021 
3046 3352 2020 
3045 3351 3350 
3044 2019 2018 
3043 3349 740 
3042 2017 3348 
3041 741 2016 
3040 3347 742 
430 2015 3346 
431 743 2014 
432 3345 744 
433 2013 3344 
3039 745 746 
434 747 748 
3038 749 2034 
435 3365 2033 
3037 3364 2032 
436 3363 2031 
3036 3362 2030 
437 3361 3360 
438 750 2029 
439 751 2028 
3057 3359 752 
3056 2027 3358 
3055 753 2026 
3054 3357 754 
3053 2025 3356 
3052 755 2024 
3051 3355 756 
3050 757 758 
440 759 2045 
441 3376 2044 
442 3375 2043 
443 3374 2042 
444 3373 2041 
445 3372 2040 
3049 3371 3370 
446 760 761 
3048 762 2039 
447 763 2038 
3047 3369 764 
448 2037 3368 
449 765 2036 
3060 3367 766 
3068 2035 3366 
3067 767 768 
3066 769 2056 
3065 3387 2055 
3064 3386 2054 
3063 3385 2053 
3062 3384 2052 
450 3383 2051 
3061 3382 2050 
451 3381 3380 
452 770 771 
453 772 773 
454 774 2049 
455 775 2048 
456 3379 776 
457 2047 3378 
3059 777 2046 
458 3377 778 
3058 779 3390 
459 2067 3398 
3071 2066 3397 
3070 2065 3396 
3079 2064 3395 
3078 2063 3394 
3077 2062 3393 
3076 2061 3392 
3075 780 2060 
3074 3391 781 
460 782 783 
3073 784 785 
461 786 2059 
3072 787 2058 
462 3389 788 
463 2057 3388 
464 789 2070 
465 2078 2077 
466 2076 2075 
467 2074 2073 
468 790 2072 
469 791 2071 
3069 792 793 
3082 794 795 
3081 796 797 
3080 798 2069 
3089 799 2068 
3088 3399 2081 
3087 2080 2089 
3086 2088 2087 
470 2086 2085 
3085 2084 2083 
471 2082 2079 
3084 2092 2091 
472 2090 2099 
3083 2098 2097 
473 2096 2095 
474 2094 2093 
475 2909 2900 
476 2908 2907 
477 2906 2905 
478 2904 2903 
479 2902 2901 
3093 2911 2910 
3092 2919 2918 
3091 2917 2916 
3090 2915 2914 
3099 2913 2912 
3098 2922 2921 
480 2920 2929 
3097 2928 2927 
481 2926 2925 
3096 2924 2923 
482 1602 2933 
3095 1601 2932 
483 1600 2931 
3094 2930 1609 
484 1608 2939 
485 1607 2938 
486 1606 2937 
487 1605 2936 
488 1604 2935 
489 1603 2934 
490 1613 2944 
491 1612 2943 
492 1611 2942 
493 1610 2941 
494 2940 1619 
495 1618 2949 
496 1617 2948 
497 1616 2947 
498 1615 2946 
499 1614 2945 
3902 1624 2955 
3903 1623 2954 
3904 1622 2953 
3905 1621 2952 
3906 1620 2951 
3907 2950 1629 
3908 1628 2959 
3909 1627 2958 
3900 1626 2957 
3901 1625 2956 
3913 1635 2966 
3914 1634 2965 
3915 1633 2964 
3916 1632 2963 
3917 1631 2962 
3918 1630 2961 
3919 2960 1639 
3910 1638 2969 
3911 1637 2968 
3912 1636 2967 
3924 2980 1646 
3925 2977 1645 
3926 2976 1644 
3927 2975 1643 
3928 2974 1642 
3929 2973 1641 
3920 2972 1640 
3921 2971 2970 
3922 1649 1648 
3923 2979 1647 
2603 2978 1660 
3935 2991 2990 
2602 1657 2988 
3936 1656 2987 
2601 1655 2986 
3937 1654 2985 
2600 1653 2984 
3938 1652 2983 
3939 1651 2982 
2609 1650 2981 
2608 1659 1658 
3930 2989 1671 
2607 1670 1668 
3931 2999 1667 
2606 2998 1666 
3932 2997 1665 
2605 2996 1664 
3933 2995 1663 
2604 2994 1662 
3934 2993 1661 
2614 2992 1669 
3946 1682 1681 
2613 1680 1679 
3947 1678 1677 
2612 1676 1675 
3948 1674 1673 
2611 1672 1693 
3949 1692 1691 
2610 1690 1689 
3940 1688 1687 
2619 1686 1685 
3941 1684 1683 
2618 1699 1698 
3942 1697 1696 
2617 1695 1694 
3943 3406 3405 
2616 3404 3403 
3944 3402 3401 
2615 3400 800 
3945 801 802 
2625 803 804 
3957 805 3409 
2624 806 3408 
3958 807 3407 
2623 808 809 
3959 3420 3417 
2622 3416 3415 
2621 3414 3413 
2620 3412 3411 
3950 810 3410 
3951 811 812 
3952 813 814 
2629 815 816 
3953 817 3419 
2628 818 3418 
3954 819 2100 
2627 3431 3430 
3955 3428 3427 
2626 3426 3425 
3956 3424 3423 
3970 820 3422 
1305 821 3421 
2636 822 823 
3968 824 825 
1304 826 827 
2635 828 829 
3969 3429 2111 
1303 3442 2110 
2634 3441 3440 
1302 2108 3439 
2633 2107 3438 
1301 2106 3437 
2632 2105 3436 
1300 2104 3435 
2631 830 2103 
2630 3434 831 
3960 2102 3433 
3961 832 2101 
3962 3432 833 
3963 834 835 
1309 836 837 
3964 838 839 
1308 2109 2122 
2639 3453 2121 
3965 3452 2120 
1307 3451 3450 
2638 2119 2118 
3966 3449 2117 
1306 3448 2116 
2637 3447 840 
3967 2115 3446 
3980 841 2114 
3981 3445 842 
2650 2113 3444 
1316 843 2112 
2647 3443 844 
3979 845 846 
1315 847 848 
2646 849 2133 
1314 3464 2132 
2645 3463 2131 
1313 3462 2130 
2644 3461 3460 
1312 2129 2128 
2643 3459 850 
1311 2127 3458 
2642 851 2126 
1310 3457 852 
2641 2125 3456 
2640 853 2124 
3971 3455 854 
3972 2123 3454 
3973 855 856 
3974 857 858 
3975 859 2144 
1319 3475 2143 
3976 3474 2142 
1318 3473 2141 
2649 3472 2140 
3977 3471 3470 
1317 860 2139 
2648 861 2138 
3978 3469 862 
3990 2137 3468 
3991 863 2136 
3992 3467 864 
1330 2135 3466 
2661 865 2134 
2660 3465 866 
1327 867 868 
2658 869 2155 
1326 3486 2154 
2657 3485 2153 
1325 3484 2152 
2656 3483 2151 
1324 3482 2150 
2655 3481 3480 
1323 870 871 
2654 872 2149 
1322 873 2148 
2653 3479 874 
1321 2147 3478 
2652 875 2146 
1320 3477 876 
2651 2145 3476 
3982 877 878 
3983 879 2166 
3984 3497 2165 
3985 3496 2164 
3986 3495 2163 
3987 3494 2162 
1329 3493 2161 
3988 3492 2160 
1328 3491 3490 
2659 880 881 
3989 882 883 
1341 884 2159 
2672 885 2158 
1340 3489 886 
2671 2157 3488 
2670 887 2156 
1338 3487 888 
2669 889 2177 
1337 2176 2175 
2668 2174 2173 
1336 2172 2171 
2667 890 2170 
1335 891 892 
2666 893 894 
1334 895 896 
2665 2169 897 
1333 2168 3499 
2664 898 2167 
1332 3498 899 
2663 2180 2188 
1331 2187 2186 
2662 2185 2184 
3993 2183 2182 
3994 2181 2179 
3995 2178 2191 
3996 2190 2199 
3997 2198 2197 
3998 2196 2195 
3999 2194 2193 
1339 2192 2189 
1352 1701 1700 
2683 1709 1708 
1351 1707 1706 
2682 1705 1704 
1350 1703 1702 
2681 1712 1711 
2680 1710 1719 
1349 1718 1717 
1348 1716 1715 
2679 1714 1713 
1347 1723 1722 
2678 1721 1720 
1346 1729 1728 
2677 1727 1726 
1345 1725 1724 
2676 1734 1733 
1344 1732 1731 
2675 1730 1739 
1343 1738 1737 
2674 1736 1735 
1342 1745 1744 
2673 1743 1742 
1363 1741 1740 
2694 1749 1748 
1362 1747 1746 
2693 1756 1755 
1361 1754 1753 
2692 1752 1751 
1360 1750 1759 
2691 1758 1757 
2690 1770 1767 
1359 1766 1765 
1358 1764 1763 
2689 1762 1761 
1357 1760 1769 
2688 1768 1781 
1356 1780 1778 
2687 1777 1776 
1355 1775 1774 
2686 1773 1772 
1354 1771 1779 
2685 1792 1791 
1353 1790 1789 
2684 1788 1787 
1374 1786 1785 
1373 1784 1783 
1372 1782 1799 
1371 1798 1797 
1370 1796 1795 
1369 1794 1793 
1368 3505 3504 
2699 3503 3502 
1367 3501 3500 
2698 900 901 
1366 902 903 
2697 3509 904 
1365 3508 905 
2696 3507 906 
1364 3506 907 
2695 908 909 
1385 3516 3515 
1384 3514 3513 
1383 3512 3511 
1382 3510 910 
1381 911 912 
1380 913 914 
1379 915 3519 
1378 916 3518 
1377 917 3517 
1376 918 919 
1375 3530 3527 
1396 3526 3525 
1395 3524 3523 
1394 3522 3521 
1393 920 3520 
1392 921 922 
1391 923 924 
1390 925 926 
1389 927 3529 
1388 928 3528 
1387 929 2210 
1386 3541 3540 
3101 2207 3538 
3100 2206 3537 
1399 2205 3536 
1398 2204 3535 
1397 2203 3534 
3112 2202 3533 
3111 930 2201 
3110 3532 931 
3109 2200 3531 
3108 932 933 
3107 934 935 
3106 936 937 
3105 938 2209 
500 939 2208 
3104 3539 2221 
501 3552 2220 
3103 3551 3550 
502 2218 3549 
3102 2217 3548 
503 2216 3547 
504 2215 3546 
505 2214 3545 
506 940 2213 
507 3544 941 
508 2212 3543 
509 942 2211 
3123 3542 943 
3122 944 945 
3121 946 947 
3120 948 949 
3119 2219 2232 
3118 3563 2231 
3117 3562 2230 
510 3561 3560 
3116 2229 2228 
511 3559 2227 
3115 3558 2226 
512 3557 950 
3114 2225 3556 
513 951 2224 
3113 3555 952 
514 2223 3554 
515 953 2222 
516 3553 954 
517 955 956 
518 957 958 
519 959 2243 
3134 3574 2242 
3133 3573 2241 
3132 3572 2240 
3131 3571 3570 
3130 2239 2238 
3129 3569 960 
520 2237 3568 
3128 961 2236 
521 3567 962 
3127 2235 3566 
522 963 2234 
3126 3565 964 
523 2233 3564 
3125 965 966 
524 967 968 
3124 969 2254 
525 3585 2253 
526 3584 2252 
527 3583 2251 
528 3582 2250 
529 3581 3580 
3145 970 2249 
3144 971 2248 
3143 3579 972 
3142 2247 3578 
3141 973 2246 
3140 3577 974 
530 2245 3576 
531 975 2244 
3139 3575 976 
532 977 978 
3138 979 2265 
533 3596 2264 
3137 3595 2263 
534 3594 2262 
3136 3593 2261 
535 3592 2260 
3135 3591 3590 
536 980 981 
537 982 2259 
538 983 2258 
539 3589 984 
3156 2257 3588 
3155 985 2256 
3154 3587 986 
3153 2255 3586 
3152 987 988 
3151 989 2276 
3150 2275 2274 
540 2273 2272 
541 2271 2270 
542 990 991 
543 992 993 
3149 994 2269 
544 995 2268 
3148 3599 996 
545 2267 3598 
3147 997 2266 
546 3597 998 
3146 999 2287 
547 2286 2285 
548 2284 2283 
549 2282 2281 
3167 2280 2279 
3166 2278 2277 
3165 2290 2298 
3164 2297 2296 
3163 2295 2294 
3162 2293 2292 
3161 2291 2289 
3160 2288 4000 
550 2299 100 
551 101 102 
552 103 104 
553 105 106 
554 107 108 
555 109 110 
3159 111 112 
556 113 114 
3158 115 116 
557 117 118 
3157 119 120 
558 121 122 
559 123 124 
3170 125 126 
3178 127 128 
3177 129 130 
3176 131 132 
3175 133 134 
3174 135 136 
3173 137 138 
3172 139 1809 
560 140 141 
3171 142 143 
561 1800 144 
562 145 146 
563 147 148 
564 149 1808 
565 1807 1806 
566 1805 1804 
567 1803 1802 
3169 1801 150 
568 151 152 
3168 153 154 
569 1811 155 
3181 1810 156 
3180 157 158 
3189 159 1819 
3188 1818 1817 
3187 1816 1815 
3186 1814 1813 
3185 1812 160 
3184 161 162 
570 163 164 
3183 165 1822 
571 166 1821 
3182 167 1820 
572 168 169 
573 1829 1828 
574 1827 1826 
575 1825 1824 
576 1823 170 
577 171 172 
578 173 174 
579 175 176 
3179 1833 177 
3192 1832 178 
3191 1831 179 
3190 1830 1839 
3199 1838 1837 
3198 1836 1835 
3197 1834 180 
3196 181 182 
580 183 184 
3195 185 186 
581 187 1844 
3194 188 1843 
582 189 1842 
3193 1841 1840 
583 1849 1848 
584 1847 1846 
585 1845 190 
586 191 192 
587 193 194 
588 195 196 
589 197 198 
590 1855 199 
591 1854 1853 
592 1852 1851 
593 1850 1859 
594 1858 1857 
595 1856 1866 
596 1865 1864 
597 1863 1862 
598 1861 1860 
599 1869 1868 
2702 1867 1880 
2701 1877 1876 
2700 1875 1874 
2709 1873 1872 
2708 1871 1870 
2707 1879 1878 
2706 1891 1890 
2705 1888 1887 
2704 1886 1885 
2703 1884 1883 
2713 1882 1881 
2712 1889 1899 
2711 1898 1897 
2710 1896 1895 
2719 1894 1893 
2718 1892 3604 
2717 3603 3602 
2716 3601 3600 
2715 3609 3608 
2714 3607 3606 
2724 3605 3615 
2723 3614 3613 
2722 3612 3611 
2721 3610 3619 
2720 3618 3617 
2729 3616 3626 
2728 3625 3624 
2727 3623 3622 
2726 3621 3620 
2725 3629 3628